
Solucion Inicial:
70112.1  240 118.237 126.143 164.445 32.8756 176.653 141.357 0.514741 21.0105 22.0382 3.62682 133.883 180.196 165.965 100.144 161.485 123.414 115.612 138.1 199.041 113.517 45.9821 18.4968 158.973 49.7827 31.7998 8.7016 159.712 62.9053 76.4391 88.804 33.7523 198.633 95.4616 23.5914 27.732 73.6962 36.219 49.5846 54.0417 21.4135 189.154 16.9385 112.522 43.5556 13.7865 0.534949 27.7844 28.7925 40.5237 161.131 158.485 75.0162 85.5271 77.4759 30.6272 133.45 70.1106 88.7014 111.397 108.81 182.568 7.69025 177.32 1.03168 128.892 112.558 183.937 137.871 153.698 19.4662 164.282 151.565 86.6652 54.6027 181.936 104.08 58.3595 180.2 71.8763 18.6426 84.4233 123.072 62.0256 8.52555 70.484 193.398 24.9039 112.768 41.0766 2.9318 94.0346 138.857 99.9111 81.6353 99.4332 166.945 61.2098 199.455 51.3581 3.64642 3.90779 111.349 154.957 30.2169 165.407 195.156 192.759 38.0043 37.4232 107.263 188.276 10.8283 66.6651 194.627 86.452 49.7836 151.582 15.0858 196.669 168.036 173.761 160.439 33.724 128.532 88.0769 45.8955 68.3212 65.8919 130.313 139.095 28.1748 110.558 108.646 47.9427 159.981 35.1314 129.167 3.59907 119.632 48.3288 47.7815 65.3883 44.6612 34.9171 137.727 40.7599 69.5595 138.461 48.7692 172.992 5.01691 134.14 135.386 58.0282 134.305 140.848 43.3531 81.6962 23.7056 63.7301 152.471 24.7889 155.08 59.9658 185.107 92.3029 148.565 52.9076 32.921 156.073 7.11127 56.4559 0.785666 170.929 128.773 165.75 97.196 66.0719 156.454 156.137 124.836 29.9263 117.861 85.9577 129.168 101.206 111.606 69.2087 34.8311 41.7903 143.411 139.286 193.209 14.2161 57.1127 87.9068 78.147 178.867 29.4688 174.109 108.383 77.407 114.501 197.09 98.2417 8.45872 180.556 154.785 171.087 66.427 148.014 42.6184 146.045 72.5965 107.782 172.856 87.4129 180.976 28.3001 118.472 145.404 56.9456 54.994 101.692 195.576 76.9468 37.6843 18.3001 175.378 38.2073 66.255 70.9441 75.478 89.4118 116.655 145.078 145.014 23.6853 38.5277 140.36 


Solucion Final: 20100  240 165.965 21.4135 32.8756 28.7925 130.313 175.378 165.407 40.5237 164.282 56.4559 31.7998 134.305 18.6426 151.582 28.3001 99.9111 148.014 68.3212 128.773 115.612 35.1314 44.6612 21.0105 54.994 45.8955 77.4759 113.517 193.209 178.867 172.992 57.1127 133.883 18.4968 23.5914 170.929 43.3531 30.6272 22.0382 164.445 1.03168 153.698 3.90779 23.7056 128.892 56.9456 196.669 52.9076 78.147 38.5277 49.7836 0.785666 101.206 161.131 18.3001 16.9385 154.957 7.11127 49.5846 3.62682 117.861 126.143 189.154 81.6962 14.2161 183.937 129.167 129.168 45.9821 87.9068 195.156 89.4118 2.9318 123.414 182.568 43.5556 87.4129 58.3595 177.32 41.7903 138.857 140.36 10.8283 88.804 110.558 156.073 70.1106 69.2087 156.137 63.7301 134.14 66.427 40.7599 51.3581 54.6027 30.2169 159.981 62.0256 47.7815 161.485 143.411 8.52555 141.357 95.4616 13.7865 152.471 70.484 185.107 32.921 137.871 197.09 116.655 66.0719 107.263 155.08 158.973 199.455 100.144 156.454 0.534949 146.045 111.397 48.3288 138.1 151.565 101.692 112.558 123.072 98.2417 180.556 33.724 172.856 145.078 81.6353 119.632 166.945 3.59907 65.3883 159.712 33.7523 133.45 195.576 158.485 70.9441 88.0769 37.4232 37.6843 112.768 176.653 180.2 86.452 139.286 180.976 73.6962 114.501 54.0417 154.785 58.0282 165.75 47.9427 140.848 24.7889 65.8919 29.9263 108.646 19.4662 59.9658 34.9171 135.386 188.276 66.255 61.2098 160.439 41.0766 0.514741 112.522 107.782 97.196 28.1748 194.627 84.4233 72.5965 193.398 42.6184 99.4332 3.64642 92.3029 111.606 174.109 48.7692 8.45872 88.7014 36.219 128.532 108.383 199.041 75.478 27.732 85.9577 27.7844 198.633 38.2073 77.407 24.9039 139.095 192.759 145.404 111.349 148.565 86.6652 34.8311 69.5595 124.836 62.9053 7.69025 71.8763 38.0043 104.08 75.0162 145.014 49.7827 181.936 173.761 108.81 168.036 5.01691 76.9468 138.461 23.6853 85.5271 171.087 118.237 76.4391 118.472 94.0346 8.7016 137.727 29.4688 66.6651 180.196 15.0858 
#########################################


Tiempo de ejecucion en milisegundos: 75.806
Tiempo de ejecucion en segundos: 0.075806
Tiempo de ejecucion en minutos: 0.00126343


