
Solucion Inicial:
60144.1  240 19.3631 68.2825 106.37 149.434 91.236 32.5461 4.02766 58.4279 164.056 192.828 51.2213 36.4268 88.63 8.17525 24.1301 182.081 120.164 80.4123 107.057 186.546 168.768 101.961 110.265 128.621 45.3457 176.237 116.856 129.201 56.5702 119.587 160.719 79.3127 151.025 84.9923 164.453 47.0526 69.3089 67.537 63.3233 175.609 35.3852 28.8033 154.402 146.199 170.445 2.11069 169.237 108.094 41.8376 172.875 43.8148 36.7371 47.7122 17.6917 68.9244 64.4006 7.52179 148.448 41.6055 130.877 173.3 13.4279 11.2089 76.1156 129.347 157.616 128.073 108.462 122.208 80.7725 19.2866 194.539 100.775 88.4067 80.6933 78.1743 50.2276 106.603 37.4051 114.084 71.229 25.6098 41.7265 177.141 161.247 16.071 104.324 39.3061 150.68 73.1623 78.0484 7.19587 25.6463 147.19 115.317 101.724 122.948 69.5004 148.973 146.886 2.50488 86.9757 163.435 176.149 122.879 30.1274 35.3025 99.5765 134.825 186.232 154.122 150.234 12.179 19.1449 118.806 18.2957 1.47762 0.77838 11.395 89.4353 133.481 50.9067 89.3293 181.578 107.409 190.228 129.766 178.677 45.0879 199.907 117.791 0.674406 195.096 189.988 187.44 50.282 197.129 141.025 127.712 157.483 168.209 187.92 94.8099 64.4722 90.9499 67.7853 63.9938 55.03 1.13463 5.50217 112.748 72.9771 56.8199 107.847 172.218 198.424 176.705 44.9487 123.178 53.8036 34.5286 184.24 117.181 139.692 36.6452 161.524 100.14 75.688 191.103 169.546 160.938 80.3287 27.8911 96.1737 104.892 130.418 135.965 192.198 100.797 4.46901 161.685 130.475 62.1084 161.107 79.2305 85.5527 169.083 140.185 29.0651 197.165 120.595 128.495 157.031 115.18 94.5001 16.5326 198.531 114.891 127.116 125.126 44.255 198.399 191.818 107.159 76.8749 97.6189 42.4406 172.952 71.3634 109.627 161.99 194.882 173.026 160.624 165.765 71.2822 142.949 6.07522 163.216 2.12392 32.9301 71.2817 21.0179 27.4565 90.481 96.7517 99.1425 91.6398 119.956 120.232 59.2352 141.422 93.242 85.2451 81.4543 197.241 179.309 94.0811 98.4967 89.1263 


Solucion Final:
19270.9  240 2.11069 90.481 86.9757 192.198 161.107 28.8033 154.122 109.627 100.775 194.539 119.956 141.025 177.141 19.1449 16.071 179.309 56.5702 2.12392 4.02766 173.3 135.965 115.317 63.9938 50.2276 198.424 122.208 186.232 12.179 56.8199 106.603 160.719 112.748 173.026 129.201 199.907 161.247 79.3127 71.2822 84.9923 55.03 184.24 36.7371 5.50217 149.434 72.9771 191.818 73.1623 80.4123 71.2817 45.3457 18.2957 36.4268 191.103 76.8749 127.712 67.7853 39.3061 151.025 34.5286 79.2305 85.5527 130.877 96.7517 25.6463 161.99 110.265 169.237 25.6098 67.537 172.218 130.475 6.07522 146.886 76.1156 63.3233 114.891 197.165 148.448 45.0879 129.347 100.797 37.4051 157.483 125.126 146.199 90.9499 120.164 164.453 68.2825 47.0526 62.1084 24.1301 80.6933 78.1743 35.3025 160.624 89.1263 119.587 176.705 89.3293 19.2866 165.765 27.4565 71.229 133.481 59.2352 192.828 16.5326 150.234 197.241 51.2213 96.1737 85.2451 128.621 172.952 161.524 169.546 154.402 11.395 88.63 127.116 41.6055 186.546 94.5001 194.882 107.057 29.0651 122.948 197.129 0.77838 130.418 104.324 107.409 198.399 161.685 150.68 93.242 100.14 108.462 176.237 182.081 120.595 68.9244 97.6189 30.1274 32.5461 98.4967 147.19 141.422 50.9067 181.578 163.435 4.46901 117.791 47.7122 168.209 32.9301 169.083 50.282 157.616 13.4279 115.18 104.892 80.7725 36.6452 69.5004 81.4543 142.949 190.228 80.3287 129.766 178.677 116.856 140.185 107.847 114.084 2.50488 35.3852 164.056 44.9487 101.724 128.495 58.4279 168.768 17.6917 120.232 89.4353 187.92 128.073 1.13463 117.181 11.2089 187.44 157.031 195.096 64.4722 1.47762 42.4406 94.0811 122.879 7.52179 41.7265 71.3634 139.692 101.961 198.531 160.938 172.875 175.609 41.8376 94.8099 107.159 64.4006 7.19587 75.688 0.674406 118.806 99.5765 69.3089 91.236 134.825 176.149 148.973 78.0484 19.3631 99.1425 108.094 53.8036 88.4067 163.216 106.37 44.255 189.988 123.178 43.8148 91.6398 21.0179 27.8911 170.445 8.17525 

#########################################


Tiempo de ejecucion en milisegundos: 90.984
Tiempo de ejecucion en segundos: 0.090984
Tiempo de ejecucion en minutos: 0.0015164


