
Solucion Inicial:
64673  240 117.96 7.6481 135.914 1.75068 132.347 93.3879 182.805 123.227 30.2447 148.59 84.2744 108.402 19.9503 30.5253 156.702 83.153 96.0047 70.0076 189.15 30.8835 130.615 192.899 71.0391 59.1356 136.51 31.4074 165.427 79.3541 62.2589 127.536 194.851 98.1314 139.594 21.8285 71.5337 61.671 151.061 152.164 84.1598 108.073 138.027 192.89 64.0563 10.5578 148.48 66.0004 142.479 137.099 40.2689 166.69 52.934 32.8597 21.4349 116.538 65.9046 169.125 9.7611 127.002 120.193 41.4314 15.995 17.8924 154.055 112.552 150.819 190.987 36.6832 142.531 132.996 7.92206 24.6703 168.797 4.21716 166.099 46.128 141.301 46.7464 148.455 100.478 150.622 26.5234 103.048 68.8132 7.2474 58.2957 31.4372 45.3967 37.9058 39.7326 160.523 187.42 91.4469 139.785 136.678 106.708 156.6 149.584 88.946 35.0492 147.797 135.676 98.4608 180.002 18.8861 185.288 117.855 149.446 187.664 31.0454 105.694 181.798 58.2658 172.496 177.19 72.7347 41.9651 28.9778 113.53 77.6908 96.8721 103.18 147.896 98.7904 194.688 65.8979 34.618 25.1562 149.823 155.095 138.243 29.531 168.19 17.4043 42.8888 61.3413 49.078 165.243 5.1585 88.86 194.554 121.878 51.5113 140.007 43.9035 167.784 131.742 45.2357 128.34 70.9401 40.493 16.3917 56.538 98.581 114.522 58.8759 102.057 150.93 157.155 160.784 86.1547 188.065 53.9209 101.295 146.421 113.264 192.738 104.806 4.9473 179.789 68.0293 19.7887 61.7789 85.3907 126.27 196.123 180.666 25.2237 133.458 23.0118 105.51 165.524 112.913 159.268 159.485 187.321 111.462 131.608 148.589 160.061 107.83 23.0341 5.66789 169.771 27.9523 156.375 187.824 52.0615 138.837 81.5069 31.8529 95.5614 136.552 81.2339 156.26 101.048 81.8467 163.7 173.014 58.0436 140.201 120.944 145.291 37.586 84.4284 62.5145 20.1272 86.7814 55.3133 160.126 121.149 90.8212 126.743 3.17874 111.615 108.728 140.384 86.0289 188.213 42.236 106.063 97.0681 97.394 7.73837 199.931 195.566 150.125 19.6557 13.9464 166.229 85.1207 


Solucion Final:
1846.02  240 7.92206 31.4372 31.8529 156.375 131.608 105.51 101.048 41.4314 126.743 149.584 24.6703 117.855 111.615 131.742 30.8835 31.4074 149.446 111.462 159.268 156.6 148.589 39.7326 101.295 104.806 9.7611 166.69 98.7904 113.53 31.0454 149.823 188.065 192.89 150.622 192.738 19.6557 7.73837 166.099 27.9523 19.7887 105.694 17.8924 187.664 23.0341 139.594 46.128 179.789 165.243 123.227 42.8888 62.2589 21.4349 86.1547 160.784 18.8861 13.9464 142.531 29.531 182.805 10.5578 140.201 68.8132 194.554 102.057 65.8979 169.125 95.5614 126.27 52.0615 71.0391 140.384 113.264 4.21716 132.347 150.93 45.3967 103.048 148.59 142.479 58.2957 160.523 135.914 66.0004 156.702 127.002 147.797 45.2357 121.878 180.666 98.1314 84.2744 41.9651 25.1562 51.5113 56.538 58.8759 133.458 79.3541 70.9401 152.164 137.099 28.9778 136.678 112.552 1.75068 135.676 58.0436 187.824 100.478 148.48 166.229 40.2689 55.3133 98.4608 159.485 189.15 181.798 112.913 147.896 3.17874 96.0047 127.536 53.9209 180.002 139.785 140.007 81.8467 188.213 132.996 156.26 23.0118 120.944 120.193 107.83 173.014 199.931 20.1272 70.0076 106.708 25.2237 160.061 190.987 167.784 84.1598 86.0289 46.7464 35.0492 83.153 136.552 163.7 7.2474 192.899 194.688 98.581 117.96 52.934 138.243 81.2339 177.19 84.4284 148.455 16.3917 61.671 85.3907 108.728 40.493 81.5069 77.6908 145.291 141.301 32.8597 106.063 172.496 30.2447 65.9046 71.5337 116.538 91.4469 7.6481 157.155 36.6832 61.7789 108.402 49.078 151.061 4.9473 185.288 108.073 150.819 72.7347 5.66789 90.8212 37.586 165.524 165.427 168.19 34.618 15.995 61.3413 93.3879 138.027 64.0563 43.9035 68.0293 154.055 121.149 169.771 168.797 146.421 138.837 59.1356 17.4043 96.8721 187.42 86.7814 58.2658 30.5253 128.34 88.946 85.1207 97.394 196.123 194.851 187.321 114.522 5.1585 103.18 150.125 19.9503 88.86 160.126 130.615 62.5145 195.566 136.51 42.236 97.0681 37.9058 26.5234 155.095 21.8285 

#########################################


Tiempo de ejecucion en milisegundos: 864609
Tiempo de ejecucion en segundos: 864.609
Tiempo de ejecucion en minutos: 14.4101


