
Solucion Inicial:
59822.4  240 131.556 193.397 57.6265 171.496 97.423 190.158 13.6617 172.873 152.019 4.35858 8.33948 23.8753 136.654 26.6301 197.921 49.7047 114.366 139.043 4.94601 151.155 64.1634 197.404 96.1354 180.155 31.0594 173.928 172.395 127.387 155.75 135.775 59.9514 196.088 35.9682 159.959 4.01139 99.2493 137.509 174.855 110.451 160.518 154.386 90.4925 6.01235 0.408356 146.509 193.395 66.4201 53.1842 184.619 43.0742 122.894 59.5378 137.995 152.9 188.613 96.1775 17.8907 188.105 78.3541 72.8781 24.618 143.043 155.088 177.565 46.418 120.625 165.879 5.92675 161.13 195.64 27.2388 191.24 107.301 146.043 45.4079 32.7937 153.708 135.8 158.589 125.97 180.04 99.6002 188.249 104.425 149.891 40.2117 171.693 165.635 175.224 176.468 154.944 177.3 72.2373 19.1593 103.822 120.461 33.7557 24.2247 87.1292 58.481 198.682 170.359 87.6517 63.2126 113.299 182.074 137.502 128.729 10.4413 89.2511 61.0686 38.0637 146.121 157.843 91.6408 35.7955 61.2861 153.316 117.165 51.2881 191.258 1.25402 154.168 44.0892 153.64 195.907 189.012 139.845 196.16 15.2456 50.7681 24.1666 156.262 175.856 26.2708 199.286 65.1444 136.245 20.4885 187.298 79.3714 1.04482 171.972 102.689 119.515 192.727 166.436 170.171 127.887 0.658642 107.594 164.688 125.574 180.243 17.9888 121.746 58.9132 20.6913 85.8477 171.636 199.93 21.2357 125.172 29.4984 93.0165 48.8539 139.044 75.2234 30.6888 143.125 112.795 154.504 190.446 103.692 124.218 64.2827 33.1721 169.04 25.5298 52.4811 0.723739 174.313 141.156 106.104 119.078 177.078 84.4446 157.712 41.8997 115.836 20.5423 171.033 38.7007 74.6709 182.655 17.2863 50.8542 5.92283 145.053 116.984 105.174 114.229 13.3758 177.01 35.8361 181.758 56.2477 21.8073 111.821 156.747 189.64 132.516 132.22 36.5004 6.80545 117.872 85.3099 193.748 22.0636 137.422 116.404 51.2209 173.465 102.594 111.602 27.604 129.417 84.7875 68.0173 47.2563 42.8759 51.0854 181.008 93.8522 99.4865 86.27 130.271 183.81 105.474 51.3066 


Solucion Final: 2515.51  240 184.619 188.249 26.6301 192.727 193.748 181.008 177.078 6.80545 197.404 196.16 191.24 182.655 115.836 172.873 173.465 189.012 175.224 174.855 190.158 199.286 190.446 24.2247 182.074 8.33948 199.93 171.693 4.35858 181.758 119.078 172.395 125.574 125.172 171.972 117.872 20.5423 24.1666 122.894 176.468 6.01235 17.9888 17.8907 188.105 22.0636 139.043 46.418 177.3 165.635 120.461 43.0742 61.2861 19.1593 33.7557 165.879 15.2456 10.4413 136.654 31.0594 189.64 13.3758 146.121 64.2827 193.397 103.822 63.2126 177.01 105.474 125.97 51.2881 72.2373 143.043 114.366 1.04482 130.271 154.386 45.4079 102.689 153.316 151.155 58.9132 161.13 136.245 49.7047 157.843 129.417 154.168 51.2209 120.625 180.04 102.594 85.8477 40.2117 25.5298 50.8542 58.481 61.0686 132.516 85.3099 75.2234 152.9 137.422 27.2388 137.995 112.795 0.408356 139.044 51.0854 193.395 105.174 154.504 159.959 38.0637 56.2477 99.6002 157.712 188.613 180.243 113.299 146.043 0.723739 96.1775 127.887 53.1842 183.81 132.22 154.944 79.3714 191.258 131.556 155.75 23.8753 121.746 119.515 107.594 174.313 198.682 20.4885 68.0173 107.301 26.2708 158.589 195.907 171.636 65.1444 99.4865 48.8539 33.1721 84.7875 135.775 169.04 4.94601 177.565 170.171 99.2493 117.165 52.4811 137.502 84.4446 175.856 86.27 149.891 21.8073 47.2563 87.1292 110.451 41.8997 91.6408 78.3541 146.509 139.845 32.7937 106.104 171.033 24.618 51.3066 74.6709 116.984 87.6517 0.658642 156.747 35.9682 57.6265 111.821 50.7681 152.019 4.01139 180.155 111.602 143.125 72.8781 5.92283 93.0165 35.7955 166.436 164.688 173.928 29.4984 20.6913 38.7007 93.8522 137.509 64.1634 44.0892 66.4201 153.64 124.218 171.496 170.359 145.053 141.156 59.5378 17.2863 96.1354 155.088 5.92675 59.9514 30.6888 128.729 89.2511 104.425 103.692 196.088 195.64 187.298 114.229 1.25402 116.404 153.708 13.6617 90.4925 160.518 135.8 42.8759 197.921 127.387 35.8361 97.423 36.5004 27.604 156.262 21.2357 
#########################################


Tiempo de ejecucion en milisegundos: 44320
Tiempo de ejecucion en segundos: 44.32
Tiempo de ejecucion en minutos: 0.738667


