
Solucion Inicial:
65504.8  240 182.27 40.8679 109.663 177.027 58.8749 114.418 80.0877 198.378 125.825 47.8703 190.895 100.448 192.469 123.671 89.1384 115.994 80.0336 10.5534 175.009 92.1553 199.786 156.052 141.358 164.212 173.98 92.921 49.0425 146.517 91.3621 160.171 198.628 138.838 166.239 168.31 134.876 34.233 123.011 34.1227 174.656 113.132 128.533 148.42 188.651 131.47 11.7374 168.786 39.3314 186.522 68.7775 60.6613 149.839 32.1654 117.817 18.634 119.088 103.5 45.6348 5.05074 35.1788 180.786 3.18883 3.12637 197.7 146.361 63.0607 190.469 123.569 0.806125 41.0277 30.8745 118.942 186.798 1.46003 49.5651 62.0611 169.116 171.572 137.374 181.111 41.9541 103.645 146.321 166.321 64.7796 64.842 24.5771 141.743 15.1273 114.426 176.005 42.0561 117.53 0.274191 65.9066 172.141 29.3731 136.007 175.451 23.9698 117.002 37.9247 38.8946 35.666 45.3628 131.962 156.055 196.366 4.65003 46.6503 162.549 48.5149 122.307 181.731 35.7609 67.8671 53.3738 96.7258 153.634 106.431 148.785 144.523 66.4431 188.778 107.94 14.5412 171.103 6.34079 173.861 67.3764 154.995 93.4406 105 58.0288 176.558 42.8388 28.6581 61.7558 56.8805 65.1578 68.4966 18.0438 92.7294 130.317 151.063 107.503 80.5309 192.576 157.28 24.3442 183.264 128.618 129.221 114.472 88.8701 190.14 48.8612 85.8096 122.198 84.4651 15.6228 15.6309 61.3924 194.142 96.4486 74.0477 88.0942 155.349 156.916 49.0281 46.8111 91.1615 183.182 126.648 157.084 53.6351 94.2931 5.11814 122.628 81.6199 90.588 99.5816 184.864 169.301 27.3966 192.224 175.131 25.3003 195.008 157.185 75.7437 188.181 74.0644 46.7132 20.4361 54.7033 2.44237 78.4098 88.2687 117.02 99.3313 34.0267 10.0211 193.99 75.5501 195.67 142.305 180.654 146.998 55.125 42.9917 41.6051 122.54 91.703 193.767 55.378 116.171 31.2728 162.453 5.60236 55.8183 131.831 49.151 63.0047 192.187 162.241 99.3968 12.4452 158.497 174.398 48.6259 57.8877 31.8055 63.1833 137.915 29.8178 103.46 78.9746 54.4432 32.5958 75.7429 


Solucion Final:
2108.29  240 199.786 34.1227 192.469 175.131 117.817 99.3313 190.14 94.2931 122.307 184.864 46.8111 18.0438 42.8388 35.1788 5.11814 174.398 42.0561 39.3314 32.5958 45.6348 2.44237 47.8703 5.05074 32.1654 31.2728 181.731 0.806125 117.02 40.8679 34.233 190.469 157.084 196.366 192.576 192.224 198.378 41.9541 23.9698 35.7609 183.182 10.5534 188.181 18.634 137.915 46.7132 177.027 162.549 117.53 45.3628 63.0047 14.5412 55.378 172.141 12.4452 15.6228 146.321 31.8055 192.187 10.0211 128.618 64.7796 193.767 103.5 63.0607 173.98 99.5816 123.011 55.125 68.7775 141.743 118.942 0.274191 129.221 156.052 46.6503 103.46 130.317 131.831 58.0288 160.171 134.876 64.842 156.916 125.825 156.055 62.0611 115.994 175.451 91.703 65.1578 49.0281 25.3003 48.5149 58.8749 60.6613 131.962 78.4098 74.0477 157.28 137.374 29.8178 131.47 148.42 3.18883 138.838 49.0425 188.778 100.448 149.839 169.116 37.9247 57.8877 99.3968 162.453 188.651 180.786 113.132 148.785 1.46003 96.4486 123.671 56.8805 186.522 123.569 157.185 75.7437 193.99 122.54 181.111 67.3764 122.198 119.088 107.94 174.656 190.895 15.1273 68.4966 107.503 24.5771 158.497 197.7 173.861 78.9746 90.588 48.8612 34.0267 81.6199 136.007 168.786 4.65003 182.27 171.103 93.4406 114.418 49.5651 144.523 80.5309 176.005 84.4651 146.998 28.6581 91.3621 80.0336 114.426 41.6051 75.5501 75.7429 146.517 166.321 66.4431 109.663 175.009 30.8745 61.3924 74.0644 116.171 88.8701 5.60236 168.31 53.6351 54.7033 114.472 49.151 154.995 3.12637 183.264 106.431 155.349 80.0877 15.6309 92.7294 35.666 164.212 166.239 176.558 53.3738 20.4361 85.8096 91.1615 142.305 61.7558 42.9917 65.9066 153.634 122.628 171.572 169.301 146.361 141.358 54.4432 11.7374 92.1553 194.142 48.6259 55.8183 29.3731 128.533 88.0942 88.2687 96.7258 195.008 195.67 186.798 117.002 6.34079 103.645 151.063 24.3442 89.1384 162.241 126.648 63.1833 198.628 105 41.0277 92.921 38.8946 27.3966 180.654 67.8671 

#########################################


Tiempo de ejecucion en milisegundos: 8619.17
Tiempo de ejecucion en segundos: 8.61917
Tiempo de ejecucion en minutos: 0.143653


