
Solucion Inicial:
65847.6  240 117.948 29.1994 113.822 136.751 186.172 128.672 79.4625 21.0453 15.276 44.5085 19.1932 111.158 163.215 46.8273 132.15 37.9535 75.9853 109.483 21.2828 3.18658 123.375 59.3588 177.267 180.131 107.51 85.4125 41.421 57.8037 104.616 85.4879 162.1 149.932 96.9862 67.7576 188.324 66.3938 190.566 42.2943 111.892 155.385 145.298 37.9871 189.097 25.4968 171.239 87.7237 28.3564 82.3769 42.9085 11.6537 54.1823 141.506 14.7743 29.9497 70.7016 33.7107 11.8914 141.748 32.8033 54.7269 118.536 116.208 9.72901 82.2181 36.5345 31.861 106.536 127.71 100.055 57.6554 17.0112 162.387 58.5046 78.2725 173.095 171.605 176.415 189.389 99.6711 119.291 61.2363 139.023 101.663 91.583 97.2679 142.758 25.5836 153.794 174.614 167.628 95.7397 53.4058 41.8345 70.2366 143.66 2.01794 184.091 136.076 10.003 34.9821 101.546 170.066 15.2673 118.899 19.1145 180.45 56.6681 28.3234 16.141 163.723 0.0244432 78.472 20.2762 125.009 144.938 87.6527 40.1907 42.2892 161.634 191.861 88.1712 20.1059 47.2585 40.9042 0.684362 179.745 98.1922 147.961 154.701 26.1249 172.934 21.3201 116.836 69.7425 91.9955 58.1381 26.1472 95.7474 72.2893 27.1325 151.281 5.79574 130.166 34.6701 28.8959 21.2946 30.9643 90.6983 51.572 31.386 8.88128 76.3622 153.467 24.1948 78.463 23.899 52.3962 184.018 193.505 110.087 129.08 32.1454 158.395 146.709 65.1184 172.099 143.001 71.9364 181.055 135.461 54.8437 143.183 154.557 169.196 1.06277 172.262 124.57 41.1521 151.931 175.595 193.26 51.1888 35.6449 28.209 188.893 123.575 51.2708 35.2882 153.104 179.466 166.264 7.1947 16.7326 130.23 185.457 103.654 165.787 54.0111 189.807 191.796 118.709 189.288 82.3196 158.464 81.0223 100.282 140.092 172.234 93.3354 23.3651 168.849 133.603 115.87 164.431 180.05 185.078 37.3002 184.396 41.1713 45.0476 141.348 57.5328 163.998 101.187 104.101 112.184 64.7236 2.41965 48.9904 49.7059 196.745 63.3952 101.722 138.334 49.3132 145.462 94.5384 12.1354 191.782 22.9395 


Solucion Final:
2341.79  240 34.6701 37.3002 16.141 40.9042 185.457 20.1059 19.1932 30.9643 9.72901 175.595 101.663 25.5836 0.0244432 21.2828 189.807 41.1713 23.899 101.187 118.709 27.1325 21.3201 17.0112 11.6537 34.9821 118.899 37.9535 185.078 26.1249 28.8959 22.9395 36.5345 111.892 184.396 33.7107 188.324 19.1145 28.3234 179.745 35.6449 21.0453 16.7326 188.893 29.1994 149.932 42.2943 177.267 166.264 116.208 42.2892 65.1184 31.386 94.5384 164.431 15.276 15.2673 144.938 31.861 191.861 2.41965 130.166 67.7576 191.782 101.722 66.3938 172.934 100.055 124.57 54.1823 70.7016 141.506 151.931 10.003 130.23 154.557 42.9085 101.546 153.794 147.961 56.6681 162.1 135.461 49.3132 158.395 127.71 154.701 61.2363 115.87 176.415 100.282 79.4625 45.0476 28.3564 47.2585 57.6554 59.3588 132.15 78.2725 76.3622 158.464 142.758 28.209 136.076 104.616 8.88128 138.334 51.1888 189.288 95.7474 151.281 163.723 41.1521 54.0111 99.6711 165.787 189.097 181.055 113.822 143.001 0.684362 97.2679 129.08 49.7059 186.172 119.291 143.66 82.3196 190.566 123.375 155.385 23.3651 167.628 141.348 110.087 173.095 180.45 12.1354 70.2366 107.51 24.1948 162.387 193.505 172.099 78.472 87.6527 51.2708 32.8033 82.2181 133.603 171.605 3.18658 180.05 171.239 98.1922 118.536 51.572 139.023 81.0223 174.614 82.3769 146.709 21.2946 46.8273 85.4125 112.184 41.8345 72.2893 78.463 145.462 141.748 32.1454 106.536 172.234 26.1472 64.7236 75.9853 116.836 91.9955 5.79574 169.196 57.5328 58.1381 109.483 48.9904 153.104 7.1947 184.091 111.158 143.183 71.9364 2.01794 93.3354 35.2882 168.849 163.215 179.466 52.3962 14.7743 58.5046 91.583 136.751 63.3952 44.5085 69.7425 153.467 123.575 172.262 170.066 145.298 140.092 54.7269 11.8914 90.6983 189.389 40.1907 57.8037 29.9497 125.009 87.7237 85.4879 96.9862 196.745 193.26 184.018 103.654 1.06277 117.948 180.131 53.4058 88.1712 161.634 128.672 54.8437 191.796 104.101 41.421 95.7397 37.9871 25.4968 163.998 20.2762 

#########################################


Tiempo de ejecucion en milisegundos: 10092.1
Tiempo de ejecucion en segundos: 10.0921
Tiempo de ejecucion en minutos: 0.168201


