
Solucion Inicial:
66226.3  240 190.118 157.472 24.7175 108.526 191.251 177.417 134.417 74.9435 173.518 34.1138 61.846 178.598 98.9939 107.637 31.1182 6.77138 141.478 41.1511 88.9556 150.596 124.406 53.6099 81.4018 18.3414 194.763 22.6703 33.6898 115.925 44.1587 122.282 43.0144 151.178 170.438 136.171 161.111 66.2871 127.809 107.928 8.79563 94.9682 41.7586 56.0829 142.563 73.2177 31.8715 82.7566 11.4951 142.386 23.1342 161.296 8.77468 64.1455 158.704 183.694 36.0405 12.0523 180.728 26.1754 19.977 28.1421 27.0287 26.4037 102.16 197.514 161.65 91.6894 1.40027 74.0864 102.862 65.6271 18.7844 143.385 99.9187 137.666 197.829 187.755 124.565 179.734 193.588 96.3694 98.685 65.0763 78.7231 108.316 41.7957 17.767 44.6037 124.115 11.7895 175.118 120.337 83.3663 194.628 177.089 64.38 107.864 173.847 129.886 50.0044 98.4121 188.238 116.462 124.831 54.2902 197.769 172.661 113.897 113.316 161.415 11.7452 93.2668 45.7576 155.711 117.744 51.0229 153.736 164.744 39.8011 176.527 93.1732 106.291 87.5937 152.229 28.3668 90.0787 102.918 182.335 12.6599 1.7266 129.14 189.25 193.742 21.2158 164.807 155.629 4.62816 11.1489 64.1361 64.4908 16.959 6.77538 174.026 24.1399 61.0807 191.308 193.456 48.8695 169.071 43.5338 138.122 16.4558 19.0857 89.8543 123.836 57.5174 138.528 94.3618 173.747 88.5736 125.86 161.473 128.965 149.093 11.1618 183.6 13.1036 56.6867 113.049 65.1295 101.613 137.641 26.5889 44.2444 139.486 41.9222 128.359 89.077 80.5388 91.5643 76.3209 151.303 56.5048 77.5058 70.4905 88.6534 196.059 80.9774 131.357 67.4258 177.498 8.60257 130.168 176.088 11.4482 83.8855 49.3932 93.9455 188.709 28.2561 171.006 25.572 176.006 77.9375 4.80639 34.6298 140.274 153.339 104.956 150.751 130.074 192.792 120.133 144.029 65.3773 24.9489 86.3052 58.4475 52.7769 95.0329 192.751 4.4279 196.402 75.8811 173.353 71.0506 46.7543 29.089 100.719 95.7084 44.3543 177.64 29.5069 120.92 15.9343 190.759 78.2095 0.671042 158.646 123.688 52.1098 


Solucion Final:
1807.33  240 193.588 22.6703 17.767 26.5889 41.7586 43.5338 43.0144 19.0857 26.1754 98.9939 16.959 188.238 190.759 1.40027 113.316 95.0329 41.9222 190.118 123.688 177.417 11.1489 34.1138 19.977 101.613 191.251 24.1399 8.79563 15.9343 11.4951 21.2158 24.7175 26.4037 8.77468 25.572 192.751 189.25 1.7266 11.4482 11.1618 94.9682 18.3414 183.6 23.1342 138.528 45.7576 176.527 170.438 122.282 44.3543 64.4908 18.7844 89.8543 171.006 13.1036 11.7895 139.486 31.8715 191.308 6.77138 131.357 73.2177 194.628 102.918 65.3773 176.006 102.16 125.86 50.0044 71.0506 141.478 150.751 11.7452 129.886 153.736 44.6037 102.862 150.596 142.386 58.4475 161.415 130.168 65.1295 158.704 124.406 155.711 64.1455 117.744 177.64 96.3694 87.5937 44.1587 27.0287 46.7543 61.0807 61.846 129.14 78.2095 74.0864 130.074 128.359 28.2561 137.666 152.229 8.60257 136.171 51.0229 192.792 100.719 151.178 164.744 41.7957 54.2902 99.9187 158.646 188.709 180.728 113.049 149.093 0.671042 98.685 124.831 56.6867 183.694 128.965 157.472 77.9375 197.514 123.836 178.598 70.4905 120.92 120.133 107.637 174.026 182.335 12.6599 67.4258 107.864 24.9489 161.111 197.769 173.847 80.9774 88.5736 48.8695 33.6898 82.7566 134.417 164.807 6.77538 193.456 194.763 94.3618 115.925 52.1098 138.122 80.5388 175.118 78.7231 143.385 28.3668 91.6894 86.3052 108.316 41.1511 81.4018 76.3209 144.029 161.296 74.9435 104.956 173.747 29.5069 65.0763 75.8811 116.462 89.077 4.4279 169.071 53.6099 56.0829 108.526 49.3932 151.303 4.80639 177.498 106.291 155.629 83.3663 16.4558 93.1732 36.0405 173.353 161.473 177.089 52.7769 29.089 93.9455 93.2668 137.641 64.1361 44.2444 66.2871 153.339 124.115 173.518 172.661 142.563 140.274 56.5048 12.0523 91.5643 196.059 90.0787 57.5174 31.1182 124.565 88.6534 83.8855 98.4121 196.402 193.742 187.755 120.337 4.62816 107.928 176.088 77.5058 88.9556 161.65 127.809 64.38 197.829 113.897 39.8011 95.7084 34.6298 28.1421 179.734 65.6271 

#########################################


Tiempo de ejecucion en milisegundos: 85750.1
Tiempo de ejecucion en segundos: 85.7501
Tiempo de ejecucion en minutos: 1.42917


